8,8,16,16
72,8,16,16
88,8,16,16
104,8,16,16
120,4,16,8
120,12,16,8
136,8,16,16
152,8,16,16
168,8,16,16
200,8,16,16
212,4,8,8
220,4,8,8
212,12,8,8
220,12,8,8
228,4,8,8
236,4,8,8
228,12,8,8
236,12,8,8
244,8,8,16
252,8,8,16
264,4,16,8
264,12,16,8
276,8,8,16
284,8,8,16
296,8,16,16
312,8,16,16
328,8,16,16
344,8,16,16
356,8,8,16
364,8,8,16
376,8,16,16
392,4,16,8
392,12,16,8
408,8,16,16
424,8,16,16
440,8,16,16
456,8,16,16
472,8,16,16
488,8,16,16
504,8,16,16
520,8,16,16
536,8,16,16
552,4,16,8
552,12,16,8
568,8,16,16
584,8,16,16
600,4,16,8
600,12,16,8
612,8,8,16
620,8,8,16
632,8,16,16
648,8,16,16
664,8,16,16
676,8,8,16
684,8,8,16
692,8,8,16
700,8,8,16
712,8,16,16
728,8,16,16
744,4,16,8
744,12,16,8
760,8,16,16
776,8,16,16
792,4,16,8
792,12,16,8
808,8,16,16
824,8,16,16
840,8,16,16
856,8,16,16
872,8,16,16
884,8,8,16
892,8,8,16
900,8,8,16
908,8,8,16
920,4,16,8
920,12,16,8
936,8,16,16
952,4,16,8
952,12,16,8
968,8,16,16
984,8,16,16
1000,4,16,8
1000,12,16,8
1016,8,16,16
1032,8,16,16
1044,8,8,16
1052,8,8,16
1064,4,16,8
1064,12,16,8
1080,8,16,16
1092,8,8,16
1100,8,8,16
1112,8,16,16
1128,4,16,8
1128,12,16,8
1144,8,16,16
1160,8,16,16
1172,8,8,16
1180,8,8,16
1188,8,8,16
1196,8,8,16
1204,8,8,16
1212,8,8,16
1236,8,8,16
1244,8,8,16
8,24,16,16
72,24,16,16
84,24,8,16
92,24,8,16
104,24,16,16
120,20,16,8
120,28,16,8
136,24,16,16
152,24,16,16
168,24,16,16
184,20,16,8
184,28,16,8
200,20,16,8
200,28,16,8
212,24,8,16
220,24,8,16
228,24,8,16
236,24,8,16
244,20,8,8
252,20,8,8
244,28,8,8
252,28,8,8
264,24,16,16
280,24,16,16
296,20,16,8
296,28,16,8
308,24,8,16
316,24,8,16
328,20,16,8
328,28,16,8
344,24,16,16
360,24,16,16
376,24,16,16
408,24,16,16
424,24,16,16
440,24,16,16
456,24,16,16
472,24,16,16
488,24,16,16
504,24,16,16
520,24,16,16
536,24,16,16
552,24,16,16
568,24,16,16
580,24,8,16
588,24,8,16
600,24,16,16
612,24,8,16
620,24,8,16
632,24,16,16
648,24,16,16
664,24,16,16
712,24,16,16
776,24,16,16
792,24,16,16
808,24,16,16
824,20,16,8
824,28,16,8
840,24,16,16
856,20,16,8
856,28,16,8
872,24,16,16
888,24,16,16
904,24,16,16
920,20,16,8
920,28,16,8
936,24,16,16
952,20,16,8
952,28,16,8
968,20,16,8
968,28,16,8
984,24,16,16
996,24,8,16
1004,24,8,16
1016,24,16,16
1032,24,16,16
1044,24,8,16
1052,24,8,16
1060,24,8,16
1068,24,8,16
1076,24,8,16
1084,24,8,16
1096,20,16,8
1096,28,16,8
1108,24,8,16
1116,24,8,16
1124,24,8,16
1132,24,8,16
1140,24,8,16
1148,24,8,16
1160,20,16,8
1160,28,16,8
1172,20,8,8
1180,20,8,8
1172,28,8,8
1180,28,8,8
1188,20,8,8
1196,20,8,8
1188,28,8,8
1196,28,8,8
1208,24,16,16
8,36,16,8
8,44,16,8
24,40,16,16
72,40,16,16
88,36,16,8
88,44,16,8
104,36,16,8
104,44,16,8
116,40,8,16
124,40,8,16
136,40,16,16
152,40,16,16
168,40,16,16
180,40,8,16
188,40,8,16
200,40,16,16
216,40,16,16
264,40,16,16
280,40,16,16
296,40,16,16
312,40,16,16
324,36,8,8
332,36,8,8
324,44,8,8
332,44,8,8
344,40,16,16
360,40,16,16
376,40,16,16
392,40,16,16
408,40,16,16
424,40,16,16
440,40,16,16
456,40,16,16
468,40,8,16
476,40,8,16
488,40,16,16
504,40,16,16
520,40,16,16
536,40,16,16
552,36,16,8
552,44,16,8
568,40,16,16
580,40,8,16
588,40,8,16
600,40,16,16
612,40,8,16
620,40,8,16
632,40,16,16
648,40,16,16
664,40,16,16
680,40,16,16
696,40,16,16
712,40,16,16
728,40,16,16
776,40,16,16
792,40,16,16
808,40,16,16
824,40,16,16
840,40,16,16
856,40,16,16
868,40,8,16
876,40,8,16
888,36,16,8
888,44,16,8
900,40,8,16
908,40,8,16
920,40,16,16
936,36,16,8
936,44,16,8
948,40,8,16
956,40,8,16
964,40,8,16
972,40,8,16
984,40,16,16
1000,40,16,16
1016,40,16,16
1048,40,16,16
1060,36,8,8
1068,36,8,8
1060,44,8,8
1068,44,8,8
1076,40,8,16
1084,40,8,16
1096,40,16,16
1108,40,8,16
1116,40,8,16
1128,40,16,16
1140,36,8,8
1148,36,8,8
1140,44,8,8
1148,44,8,8
1156,40,8,16
1164,40,8,16
1172,36,8,8
1180,36,8,8
1172,44,8,8
1180,44,8,8
1188,36,8,8
1196,36,8,8
1188,44,8,8
1196,44,8,8
1208,40,16,16
8,56,16,16
40,56,16,16
56,56,16,16
72,56,16,16
136,56,16,16
152,56,16,16
168,56,16,16
184,56,16,16
200,56,16,16
216,56,16,16
232,56,16,16
248,56,16,16
264,52,16,8
264,60,16,8
296,52,16,8
296,60,16,8
312,56,16,16
328,56,16,16
344,56,16,16
360,56,16,16
376,56,16,16
392,56,16,16
408,56,16,16
424,56,16,16
440,56,16,16
456,56,16,16
472,56,16,16
488,56,16,16
504,56,16,16
516,56,8,16
524,56,8,16
532,56,8,16
540,56,8,16
552,56,16,16
584,52,16,8
584,60,16,8
632,56,16,16
648,56,16,16
664,56,16,16
680,52,16,8
680,60,16,8
712,56,16,16
728,56,16,16
776,52,16,8
776,60,16,8
792,56,16,16
808,56,16,16
824,56,16,16
836,56,8,16
844,56,8,16
856,56,16,16
872,56,16,16
884,56,8,16
892,56,8,16
904,56,16,16
916,56,8,16
924,56,8,16
936,52,16,8
936,60,16,8
952,52,16,8
952,60,16,8
968,52,16,8
968,60,16,8
984,56,16,16
1000,56,16,16
1016,56,16,16
1032,56,16,16
1048,52,16,8
1048,60,16,8
1064,56,16,16
1076,56,8,16
1084,56,8,16
1096,56,16,16
1108,52,8,8
1116,52,8,8
1108,60,8,8
1116,60,8,8
1128,52,16,8
1128,60,16,8
1140,52,8,8
1148,52,8,8
1140,60,8,8
1148,60,8,8
1156,56,8,16
1164,56,8,16
1176,56,16,16
1192,56,16,16
1208,56,16,16
1224,56,16,16
1240,56,16,16
8,72,16,16
24,68,16,8
24,76,16,8
56,72,16,16
72,72,16,16
88,72,16,16
104,72,16,16
120,72,16,16
136,72,16,16
152,72,16,16
168,72,16,16
184,72,16,16
200,72,16,16
216,72,16,16
232,72,16,16
248,72,16,16
264,72,16,16
280,72,16,16
296,72,16,16
312,72,16,16
328,72,16,16
344,72,16,16
360,72,16,16
376,72,16,16
392,72,16,16
408,68,16,8
408,76,16,8
424,68,16,8
424,76,16,8
440,72,16,16
456,72,16,16
468,72,8,16
476,72,8,16
488,72,16,16
500,72,8,16
508,72,8,16
516,72,8,16
524,72,8,16
536,72,16,16
552,72,16,16
564,68,8,8
572,68,8,8
564,76,8,8
572,76,8,8
580,72,8,16
588,72,8,16
616,68,16,8
616,76,16,8
632,72,16,16
648,72,16,16
664,72,16,16
676,72,8,16
684,72,8,16
728,72,16,16
788,72,8,16
796,72,8,16
808,72,16,16
824,72,16,16
840,72,16,16
856,72,16,16
868,72,8,16
876,72,8,16
888,72,16,16
904,72,16,16
916,72,8,16
924,72,8,16
936,72,16,16
952,72,16,16
964,72,8,16
972,72,8,16
984,68,16,8
984,76,16,8
996,72,8,16
1004,72,8,16
1016,72,16,16
1044,72,8,16
1052,72,8,16
1064,68,16,8
1064,76,16,8
1076,72,8,16
1084,72,8,16
1092,68,8,8
1100,68,8,8
1092,76,8,8
1100,76,8,8
1108,72,8,16
1116,72,8,16
1128,72,16,16
1140,72,8,16
1148,72,8,16
1156,72,8,16
1164,72,8,16
1176,68,16,8
1176,76,16,8
1192,72,16,16
1208,72,16,16
1240,72,16,16
36,88,8,16
44,88,8,16
52,84,8,8
60,84,8,8
52,92,8,8
60,92,8,8
72,88,16,16
88,88,16,16
104,88,16,16
120,88,16,16
136,88,16,16
152,88,16,16
164,84,8,8
172,84,8,8
164,92,8,8
172,92,8,8
184,84,16,8
184,92,16,8
200,88,16,16
212,84,8,8
220,84,8,8
212,92,8,8
220,92,8,8
228,84,8,8
236,84,8,8
228,92,8,8
236,92,8,8
244,84,8,8
252,84,8,8
244,92,8,8
252,92,8,8
260,84,8,8
268,84,8,8
260,92,8,8
268,92,8,8
280,88,16,16
296,88,16,16
312,88,16,16
328,88,16,16
344,88,16,16
360,88,16,16
388,88,8,16
396,88,8,16
404,84,8,8
412,84,8,8
404,92,8,8
412,92,8,8
424,88,16,16
440,88,16,16
456,88,16,16
468,88,8,16
476,88,8,16
484,84,8,8
492,84,8,8
484,92,8,8
492,92,8,8
504,88,16,16
516,88,8,16
524,88,8,16
536,88,16,16
552,88,16,16
564,84,8,8
572,84,8,8
564,92,8,8
572,92,8,8
584,88,16,16
616,88,16,16
632,88,16,16
648,88,16,16
664,88,16,16
676,88,8,16
684,88,8,16
712,88,16,16
724,88,8,16
732,88,8,16
744,88,16,16
760,88,16,16
792,88,16,16
808,84,16,8
808,92,16,8
824,88,16,16
840,88,16,16
856,88,16,16
868,88,8,16
876,88,8,16
888,84,16,8
888,92,16,8
900,88,8,16
908,88,8,16
920,84,16,8
920,92,16,8
936,88,16,16
952,88,16,16
964,84,8,8
972,84,8,8
964,92,8,8
972,92,8,8
984,84,16,8
984,92,16,8
1000,88,16,16
1032,88,16,16
1044,88,8,16
1052,88,8,16
1060,88,8,16
1068,88,8,16
1080,88,16,16
1092,88,8,16
1100,88,8,16
1112,84,16,8
1112,92,16,8
1128,88,16,16
1140,84,8,8
1148,84,8,8
1140,92,8,8
1148,92,8,8
1156,84,8,8
1164,84,8,8
1156,92,8,8
1164,92,8,8
1176,88,16,16
1188,88,8,16
1196,88,8,16
1208,84,16,8
1208,92,16,8
8,104,16,16
40,104,16,16
52,100,8,8
60,100,8,8
52,108,8,8
60,108,8,8
72,104,16,16
88,104,16,16
104,104,16,16
136,104,16,16
152,104,16,16
168,100,16,8
168,108,16,8
184,104,16,16
200,104,16,16
216,104,16,16
228,104,8,16
236,104,8,16
244,104,8,16
252,104,8,16
264,104,16,16
280,104,16,16
296,104,16,16
312,104,16,16
328,104,16,16
340,104,8,16
348,104,8,16
360,104,16,16
376,104,16,16
392,104,16,16
404,104,8,16
412,104,8,16
420,104,8,16
428,104,8,16
440,104,16,16
456,104,16,16
472,100,16,8
472,108,16,8
484,104,8,16
492,104,8,16
504,104,16,16
552,104,16,16
568,104,16,16
584,104,16,16
616,104,16,16
632,104,16,16
648,104,16,16
696,104,16,16
712,100,16,8
712,108,16,8
728,104,16,16
744,104,16,16
776,104,16,16
792,104,16,16
808,104,16,16
824,104,16,16
840,100,16,8
840,108,16,8
856,104,16,16
868,104,8,16
876,104,8,16
884,104,8,16
892,104,8,16
900,104,8,16
908,104,8,16
920,100,16,8
920,108,16,8
936,100,16,8
936,108,16,8
948,104,8,16
956,104,8,16
964,104,8,16
972,104,8,16
984,104,16,16
996,100,8,8
1004,100,8,8
996,108,8,8
1004,108,8,8
1032,104,16,16
1044,100,8,8
1052,100,8,8
1044,108,8,8
1052,108,8,8
1064,100,16,8
1064,108,16,8
1076,104,8,16
1084,104,8,16
1096,104,16,16
1128,104,16,16
1140,104,8,16
1148,104,8,16
1156,100,8,8
1164,100,8,8
1156,108,8,8
1164,108,8,8
1176,100,16,8
1176,108,16,8
1192,104,16,16
1204,104,8,16
1212,104,8,16
24,120,16,16
56,120,16,16
72,116,16,8
72,124,16,8
88,116,16,8
88,124,16,8
104,116,16,8
104,124,16,8
120,120,16,16
136,120,16,16
152,120,16,16
168,120,16,16
184,120,16,16
200,120,16,16
216,120,16,16
232,120,16,16
248,116,16,8
248,124,16,8
264,116,16,8
264,124,16,8
312,120,16,16
328,120,16,16
344,120,16,16
360,120,16,16
376,120,16,16
392,120,16,16
408,120,16,16
420,116,8,8
428,116,8,8
420,124,8,8
428,124,8,8
440,120,16,16
456,120,16,16
472,120,16,16
484,116,8,8
492,116,8,8
484,124,8,8
492,124,8,8
500,120,8,16
508,120,8,16
536,120,16,16
552,120,16,16
564,120,8,16
572,120,8,16
584,120,16,16
600,120,16,16
616,120,16,16
628,120,8,16
636,120,8,16
648,120,16,16
664,120,16,16
696,120,16,16
712,116,16,8
712,124,16,8
724,120,8,16
732,120,8,16
744,120,16,16
772,116,8,8
780,116,8,8
772,124,8,8
780,124,8,8
792,120,16,16
804,120,8,16
812,120,8,16
824,116,16,8
824,124,16,8
840,120,16,16
856,120,16,16
872,120,16,16
884,120,8,16
892,120,8,16
904,120,16,16
920,120,16,16
932,116,8,8
940,116,8,8
932,124,8,8
940,124,8,8
948,120,8,16
956,120,8,16
968,120,16,16
980,120,8,16
988,120,8,16
996,116,8,8
1004,116,8,8
996,124,8,8
1004,124,8,8
1012,120,8,16
1020,120,8,16
1032,120,16,16
1044,120,8,16
1052,120,8,16
1064,116,16,8
1064,124,16,8
1076,120,8,16
1084,120,8,16
1096,120,16,16
1112,120,16,16
1128,120,16,16
1140,120,8,16
1148,120,8,16
1160,116,16,8
1160,124,16,8
1208,120,16,16
8,132,16,8
8,140,16,8
24,136,16,16
40,136,16,16
56,136,16,16
72,136,16,16
88,136,16,16
104,132,16,8
104,140,16,8
120,136,16,16
136,136,16,16
152,136,16,16
168,136,16,16
184,136,16,16
200,136,16,16
212,136,8,16
220,136,8,16
232,132,16,8
232,140,16,8
248,136,16,16
264,136,16,16
296,136,16,16
312,136,16,16
328,136,16,16
344,136,16,16
360,136,16,16
376,136,16,16
392,136,16,16
404,136,8,16
412,136,8,16
424,136,16,16
440,132,16,8
440,140,16,8
456,136,16,16
472,136,16,16
484,136,8,16
492,136,8,16
504,136,16,16
520,136,16,16
536,136,16,16
552,132,16,8
552,140,16,8
564,136,8,16
572,136,8,16
580,136,8,16
588,136,8,16
648,136,16,16
664,136,16,16
696,136,16,16
712,132,16,8
712,140,16,8
728,136,16,16
744,136,16,16
776,136,16,16
792,132,16,8
792,140,16,8
804,136,8,16
812,136,8,16
824,136,16,16
836,136,8,16
844,136,8,16
856,136,16,16
868,136,8,16
876,136,8,16
888,136,16,16
900,136,8,16
908,136,8,16
916,136,8,16
924,136,8,16
936,136,16,16
948,136,8,16
956,136,8,16
968,132,16,8
968,140,16,8
980,136,8,16
988,136,8,16
996,132,8,8
1004,132,8,8
996,140,8,8
1004,140,8,8
1012,136,8,16
1020,136,8,16
1032,136,16,16
1048,136,16,16
1064,136,16,16
1080,132,16,8
1080,140,16,8
1096,136,16,16
1112,136,16,16
1124,136,8,16
1132,136,8,16
1140,136,8,16
1148,136,8,16
1176,136,16,16
8,152,16,16
40,152,16,16
56,152,16,16
120,152,16,16
136,152,16,16
152,152,16,16
168,152,16,16
184,148,16,8
184,156,16,8
216,148,16,8
216,156,16,8
232,152,16,16
248,152,16,16
264,152,16,16
280,152,16,16
312,152,16,16
328,152,16,16
344,152,16,16
360,148,16,8
360,156,16,8
376,152,16,16
392,152,16,16
404,152,8,16
412,152,8,16
424,152,16,16
440,152,16,16
456,152,16,16
472,152,16,16
484,148,8,8
492,148,8,8
484,156,8,8
492,156,8,8
504,152,16,16
520,152,16,16
536,152,16,16
548,152,8,16
556,152,8,16
568,152,16,16
616,152,16,16
632,152,16,16
676,148,8,8
684,148,8,8
676,156,8,8
684,156,8,8
692,148,8,8
700,148,8,8
692,156,8,8
700,156,8,8
708,152,8,16
716,152,8,16
728,152,16,16
772,152,8,16
780,152,8,16
792,152,16,16
808,152,16,16
824,152,16,16
836,152,8,16
844,152,8,16
852,152,8,16
860,152,8,16
868,152,8,16
876,152,8,16
884,152,8,16
892,152,8,16
900,152,8,16
908,152,8,16
920,148,16,8
920,156,16,8
936,152,16,16
948,152,8,16
956,152,8,16
968,148,16,8
968,156,16,8
984,152,16,16
996,148,8,8
1004,148,8,8
996,156,8,8
1004,156,8,8
1016,152,16,16
1032,152,16,16
1064,152,16,16
1080,152,16,16
1092,148,8,8
1100,148,8,8
1092,156,8,8
1100,156,8,8
1112,152,16,16
1124,152,8,16
1132,152,8,16
1144,152,16,16
1204,152,8,16
1212,152,8,16
8,168,16,16
24,168,16,16
56,168,16,16
72,168,16,16
88,168,16,16
136,168,16,16
212,168,8,16
220,168,8,16
232,164,16,8
232,172,16,8
264,168,16,16
280,168,16,16
312,168,16,16
324,168,8,16
332,168,8,16
360,168,16,16
376,168,16,16
392,168,16,16
404,168,8,16
412,168,8,16
424,168,16,16
440,164,16,8
440,172,16,8
456,164,16,8
456,172,16,8
472,164,16,8
472,172,16,8
484,164,8,8
492,164,8,8
484,172,8,8
492,172,8,8
504,164,16,8
504,172,16,8
520,168,16,16
536,168,16,16
552,164,16,8
552,172,16,8
568,168,16,16
600,168,16,16
616,168,16,16
632,168,16,16
648,168,16,16
696,168,16,16
708,164,8,8
716,164,8,8
708,172,8,8
716,172,8,8
728,164,16,8
728,172,16,8
740,164,8,8
748,164,8,8
740,172,8,8
748,172,8,8
772,164,8,8
780,164,8,8
772,172,8,8
780,172,8,8
788,168,8,16
796,168,8,16
808,168,16,16
824,164,16,8
824,172,16,8
840,168,16,16
856,168,16,16
872,164,16,8
872,172,16,8
884,168,8,16
892,168,8,16
904,168,16,16
920,164,16,8
920,172,16,8
936,168,16,16
952,164,16,8
952,172,16,8
968,164,16,8
968,172,16,8
984,168,16,16
996,168,8,16
1004,168,8,16
1060,164,8,8
1068,164,8,8
1060,172,8,8
1068,172,8,8
1080,164,16,8
1080,172,16,8
1096,164,16,8
1096,172,16,8
1112,168,16,16
1128,168,16,16
1144,168,16,16
1160,168,16,16
8,184,16,16
40,184,16,16
56,184,16,16
88,184,16,16
104,184,16,16
120,184,16,16
136,184,16,16
152,184,16,16
168,184,16,16
200,184,16,16
212,184,8,16
220,184,8,16
232,184,16,16
312,184,16,16
328,184,16,16
344,184,16,16
360,184,16,16
376,184,16,16
392,184,16,16
408,184,16,16
424,180,16,8
424,188,16,8
436,180,8,8
444,180,8,8
436,188,8,8
444,188,8,8
456,180,16,8
456,188,16,8
472,184,16,16
484,184,8,16
492,184,8,16
504,180,16,8
504,188,16,8
520,184,16,16
532,180,8,8
540,180,8,8
532,188,8,8
540,188,8,8
552,184,16,16
568,184,16,16
584,180,16,8
584,188,16,8
600,184,16,16
616,184,16,16
632,184,16,16
648,184,16,16
680,184,16,16
696,184,16,16
712,180,16,8
712,188,16,8
728,184,16,16
740,180,8,8
748,180,8,8
740,188,8,8
748,188,8,8
772,184,8,16
780,184,8,16
792,180,16,8
792,188,16,8
808,184,16,16
824,184,16,16
840,184,16,16
856,184,16,16
868,184,8,16
876,184,8,16
888,184,16,16
904,184,16,16
920,180,16,8
920,188,16,8
936,184,16,16
948,184,8,16
956,184,8,16
968,184,16,16
984,184,16,16
996,184,8,16
1004,184,8,16
1060,180,8,8
1068,180,8,8
1060,188,8,8
1068,188,8,8
1080,184,16,16
1096,184,16,16
1112,184,16,16
1128,180,16,8
1128,188,16,8
1144,184,16,16
1204,184,8,16
1212,184,8,16
1224,184,16,16
8,200,16,16
40,200,16,16
56,200,16,16
168,200,16,16
184,200,16,16
200,200,16,16
232,200,16,16
248,196,16,8
248,204,16,8
312,200,16,16
328,200,16,16
360,200,16,16
376,200,16,16
392,200,16,16
408,200,16,16
420,200,8,16
428,200,8,16
436,196,8,8
444,196,8,8
436,204,8,8
444,204,8,8
456,196,16,8
456,204,16,8
484,196,8,8
492,196,8,8
484,204,8,8
492,204,8,8
504,196,16,8
504,204,16,8
520,200,16,16
536,200,16,16
552,200,16,16
568,200,16,16
584,196,16,8
584,204,16,8
600,200,16,16
616,200,16,16
632,196,16,8
632,204,16,8
648,200,16,16
664,200,16,16
676,196,8,8
684,196,8,8
676,204,8,8
684,204,8,8
692,200,8,16
700,200,8,16
712,196,16,8
712,204,16,8
728,200,16,16
740,200,8,16
748,200,8,16
776,200,16,16
788,196,8,8
796,196,8,8
788,204,8,8
796,204,8,8
808,196,16,8
808,204,16,8
820,200,8,16
828,200,8,16
836,200,8,16
844,200,8,16
852,196,8,8
860,196,8,8
852,204,8,8
860,204,8,8
872,200,16,16
888,200,16,16
904,196,16,8
904,204,16,8
916,196,8,8
924,196,8,8
916,204,8,8
924,204,8,8
932,200,8,16
940,200,8,16
948,200,8,16
956,200,8,16
968,200,16,16
984,200,16,16
996,200,8,16
1004,200,8,16
1064,200,16,16
1080,196,16,8
1080,204,16,8
1092,196,8,8
1100,196,8,8
1092,204,8,8
1100,204,8,8
1112,196,16,8
1112,204,16,8
1128,200,16,16
1144,200,16,16
1160,196,16,8
1160,204,16,8
1188,196,8,8
1196,196,8,8
1188,204,8,8
1196,204,8,8
1208,200,16,16
24,212,16,8
24,220,16,8
40,212,16,8
40,220,16,8
84,216,8,16
92,216,8,16
136,212,16,8
136,220,16,8
152,212,16,8
152,220,16,8
164,216,8,16
172,216,8,16
180,216,8,16
188,216,8,16
200,212,16,8
200,220,16,8
216,216,16,16
232,216,16,16
248,212,16,8
248,220,16,8
280,216,16,16
296,212,16,8
296,220,16,8
312,216,16,16
328,216,16,16
344,216,16,16
360,216,16,16
376,216,16,16
388,216,8,16
396,216,8,16
404,212,8,8
412,212,8,8
404,220,8,8
412,220,8,8
424,216,16,16
440,216,16,16
456,212,16,8
456,220,16,8
488,216,16,16
532,216,8,16
540,216,8,16
552,216,16,16
568,216,16,16
584,212,16,8
584,220,16,8
600,216,16,16
616,212,16,8
616,220,16,8
632,212,16,8
632,220,16,8
648,212,16,8
648,220,16,8
664,216,16,16
680,216,16,16
696,216,16,16
712,216,16,16
724,216,8,16
732,216,8,16
744,216,16,16
772,216,8,16
780,216,8,16
792,212,16,8
792,220,16,8
804,216,8,16
812,216,8,16
824,216,16,16
840,216,16,16
856,216,16,16
872,212,16,8
872,220,16,8
888,216,16,16
904,212,16,8
904,220,16,8
916,216,8,16
924,216,8,16
932,216,8,16
940,216,8,16
948,216,8,16
956,216,8,16
968,216,16,16
984,216,16,16
996,212,8,8
1004,212,8,8
996,220,8,8
1004,220,8,8
1060,216,8,16
1068,216,8,16
1076,216,8,16
1084,216,8,16
1092,212,8,8
1100,212,8,8
1092,220,8,8
1100,220,8,8
1112,212,16,8
1112,220,16,8
1128,216,16,16
1144,216,16,16
1160,216,16,16
1176,216,16,16
1192,216,16,16
1208,216,16,16
1220,216,8,16
1228,216,8,16
8,232,16,16
88,228,16,8
88,236,16,8
120,232,16,16
136,232,16,16
164,232,8,16
172,232,8,16
180,228,8,8
188,228,8,8
180,236,8,8
188,236,8,8
216,232,16,16
232,228,16,8
232,236,16,8
244,228,8,8
252,228,8,8
244,236,8,8
252,236,8,8
264,232,16,16
276,232,8,16
284,232,8,16
292,232,8,16
300,232,8,16
312,232,16,16
328,232,16,16
344,228,16,8
344,236,16,8
360,232,16,16
376,232,16,16
392,232,16,16
404,228,8,8
412,228,8,8
404,236,8,8
412,236,8,8
424,232,16,16
436,232,8,16
444,232,8,16
452,228,8,8
460,228,8,8
452,236,8,8
460,236,8,8
488,232,16,16
504,232,16,16
600,232,16,16
616,232,16,16
632,232,16,16
648,232,16,16
664,232,16,16
680,232,16,16
696,232,16,16
712,232,16,16
724,232,8,16
732,232,8,16
740,228,8,8
748,228,8,8
740,236,8,8
748,236,8,8
776,232,16,16
792,232,16,16
808,232,16,16
820,232,8,16
828,232,8,16
840,232,16,16
856,228,16,8
856,236,16,8
872,232,16,16
884,232,8,16
892,232,8,16
904,228,16,8
904,236,16,8
916,232,8,16
924,232,8,16
932,228,8,8
940,228,8,8
932,236,8,8
940,236,8,8
952,232,16,16
964,232,8,16
972,232,8,16
984,232,16,16
1000,232,16,16
1080,232,16,16
1092,232,8,16
1100,232,8,16
1112,228,16,8
1112,236,16,8
1128,228,16,8
1128,236,16,8
1144,228,16,8
1144,236,16,8
1156,232,8,16
1164,232,8,16
1176,232,16,16
1188,232,8,16
1196,232,8,16
8,244,16,8
8,252,16,8
88,244,16,8
88,252,16,8
136,248,16,16
168,248,16,16
180,248,8,16
188,248,8,16
200,248,16,16
212,248,8,16
220,248,8,16
232,248,16,16
248,248,16,16
264,248,16,16
280,248,16,16
296,248,16,16
312,248,16,16
328,248,16,16
340,248,8,16
348,248,8,16
360,248,16,16
376,248,16,16
392,248,16,16
404,248,8,16
412,248,8,16
440,244,16,8
440,252,16,8
452,248,8,16
460,248,8,16
488,244,16,8
488,252,16,8
504,244,16,8
504,252,16,8
564,248,8,16
572,248,8,16
584,244,16,8
584,252,16,8
596,248,8,16
604,248,8,16
616,248,16,16
632,248,16,16
648,248,16,16
664,248,16,16
680,248,16,16
696,248,16,16
712,244,16,8
712,252,16,8
728,248,16,16
744,248,16,16
776,248,16,16
792,244,16,8
792,252,16,8
808,248,16,16
824,248,16,16
840,248,16,16
856,248,16,16
872,248,16,16
888,248,16,16
904,248,16,16
916,248,8,16
924,248,8,16
932,244,8,8
940,244,8,8
932,252,8,8
940,252,8,8
952,248,16,16
964,248,8,16
972,248,8,16
984,244,16,8
984,252,16,8
996,248,8,16
1004,248,8,16
1044,248,8,16
1052,248,8,16
1064,248,16,16
1080,244,16,8
1080,252,16,8
1192,248,16,16
1224,248,16,16
168,264,16,16
180,264,8,16
188,264,8,16
196,264,8,16
204,264,8,16
212,264,8,16
220,264,8,16
228,264,8,16
236,264,8,16
248,264,16,16
264,260,16,8
264,268,16,8
280,264,16,16
296,264,16,16
312,264,16,16
328,264,16,16
344,264,16,16
376,264,16,16
392,264,16,16
404,264,8,16
412,264,8,16
424,264,16,16
436,264,8,16
444,264,8,16
452,260,8,8
460,260,8,8
452,268,8,8
460,268,8,8
468,260,8,8
476,260,8,8
468,268,8,8
476,268,8,8
488,264,16,16
504,264,16,16
520,264,16,16
532,264,8,16
540,264,8,16
568,264,16,16
584,260,16,8
584,268,16,8
600,264,16,16
616,264,16,16
628,260,8,8
636,260,8,8
628,268,8,8
636,268,8,8
648,264,16,16
660,264,8,16
668,264,8,16
680,264,16,16
696,264,16,16
712,264,16,16
728,264,16,16
744,260,16,8
744,268,16,8
776,264,16,16
792,264,16,16
808,260,16,8
808,268,16,8
824,264,16,16
836,264,8,16
844,264,8,16
856,264,16,16
872,264,16,16
884,264,8,16
892,264,8,16
900,264,8,16
908,264,8,16
916,264,8,16
924,264,8,16
936,264,16,16
952,264,16,16
964,264,8,16
972,264,8,16
984,264,16,16
1000,264,16,16
1016,264,16,16
1032,260,16,8
1032,268,16,8
1048,260,16,8
1048,268,16,8
1096,264,16,16
1112,264,16,16
1128,264,16,16
1144,260,16,8
1144,268,16,8
1160,260,16,8
1160,268,16,8
1176,260,16,8
1176,268,16,8
1192,264,16,16
1208,260,16,8
1208,268,16,8
1224,264,16,16
1252,260,8,8
1260,260,8,8
1252,268,8,8
1260,268,8,8
168,280,16,16
180,276,8,8
188,276,8,8
180,284,8,8
188,284,8,8
200,280,16,16
212,280,8,16
220,280,8,16
228,280,8,16
236,280,8,16
244,280,8,16
252,280,8,16
264,280,16,16
276,280,8,16
284,280,8,16
292,280,8,16
300,280,8,16
308,280,8,16
316,280,8,16
328,276,16,8
328,284,16,8
344,280,16,16
360,276,16,8
360,284,16,8
376,280,16,16
392,280,16,16
408,280,16,16
424,276,16,8
424,284,16,8
436,276,8,8
444,276,8,8
436,284,8,8
444,284,8,8
452,276,8,8
460,276,8,8
452,284,8,8
460,284,8,8
468,276,8,8
476,276,8,8
468,284,8,8
476,284,8,8
484,280,8,16
492,280,8,16
500,280,8,16
508,280,8,16
520,280,16,16
536,280,16,16
568,280,16,16
580,280,8,16
588,280,8,16
596,280,8,16
604,280,8,16
616,280,16,16
628,280,8,16
636,280,8,16
648,280,16,16
664,280,16,16
696,280,16,16
708,280,8,16
716,280,8,16
728,280,16,16
744,276,16,8
744,284,16,8
760,280,16,16
776,280,16,16
792,280,16,16
804,280,8,16
812,280,8,16
824,276,16,8
824,284,16,8
840,280,16,16
852,276,8,8
860,276,8,8
852,284,8,8
860,284,8,8
872,276,16,8
872,284,16,8
904,280,16,16
920,280,16,16
968,276,16,8
968,284,16,8
984,280,16,16
1000,280,16,16
1032,280,16,16
1048,276,16,8
1048,284,16,8
1064,280,16,16
1080,280,16,16
1096,280,16,16
1112,280,16,16
1128,280,16,16
1144,280,16,16
1160,280,16,16
1176,280,16,16
152,296,16,16
168,296,16,16
180,296,8,16
188,296,8,16
196,296,8,16
204,296,8,16
216,296,16,16
232,292,16,8
232,300,16,8
248,296,16,16
260,292,8,8
268,292,8,8
260,300,8,8
268,300,8,8
280,292,16,8
280,300,16,8
296,292,16,8
296,300,16,8
312,296,16,16
324,296,8,16
332,296,8,16
344,296,16,16
360,296,16,16
376,296,16,16
392,292,16,8
392,300,16,8
408,296,16,16
420,292,8,8
428,292,8,8
420,300,8,8
428,300,8,8
436,296,8,16
444,296,8,16
456,296,16,16
468,296,8,16
476,296,8,16
488,292,16,8
488,300,16,8
504,296,16,16
520,296,16,16
568,292,16,8
568,300,16,8
580,296,8,16
588,296,8,16
600,296,16,16
616,292,16,8
616,300,16,8
632,296,16,16
648,296,16,16
664,292,16,8
664,300,16,8
680,296,16,16
696,292,16,8
696,300,16,8
712,296,16,16
728,292,16,8
728,300,16,8
744,292,16,8
744,300,16,8
756,296,8,16
764,296,8,16
776,296,16,16
788,296,8,16
796,296,8,16
808,296,16,16
824,296,16,16
840,296,16,16
856,296,16,16
872,292,16,8
872,300,16,8
888,296,16,16
904,296,16,16
916,296,8,16
924,296,8,16
936,296,16,16
952,296,16,16
968,296,16,16
984,296,16,16
1000,296,16,16
1144,296,16,16
1160,296,16,16
1176,296,16,16
152,312,16,16
168,308,16,8
168,316,16,8
180,308,8,8
188,308,8,8
180,316,8,8
188,316,8,8
216,312,16,16
264,312,16,16
276,308,8,8
284,308,8,8
276,316,8,8
284,316,8,8
292,308,8,8
300,308,8,8
292,316,8,8
300,316,8,8
308,312,8,16
316,312,8,16
328,312,16,16
344,312,16,16
360,312,16,16
376,312,16,16
392,312,16,16
408,312,16,16
420,312,8,16
428,312,8,16
440,308,16,8
440,316,16,8
452,312,8,16
460,312,8,16
472,312,16,16
484,308,8,8
492,308,8,8
484,316,8,8
492,316,8,8
504,312,16,16
516,312,8,16
524,312,8,16
536,312,16,16
548,308,8,8
556,308,8,8
548,316,8,8
556,316,8,8
568,312,16,16
584,312,16,16
600,312,16,16
612,312,8,16
620,312,8,16
632,308,16,8
632,316,16,8
664,312,16,16
680,312,16,16
696,312,16,16
712,312,16,16
728,312,16,16
744,312,16,16
760,312,16,16
776,312,16,16
792,312,16,16
808,312,16,16
936,312,16,16
952,312,16,16
1144,312,16,16
8,328,16,16
104,328,16,16
152,328,16,16
164,328,8,16
172,328,8,16
184,324,16,8
184,332,16,8
200,324,16,8
200,332,16,8
212,328,8,16
220,328,8,16
232,328,16,16
248,328,16,16
280,328,16,16
292,324,8,8
300,324,8,8
292,332,8,8
300,332,8,8
312,324,16,8
312,332,16,8
328,328,16,16
340,324,8,8
348,324,8,8
340,332,8,8
348,332,8,8
360,328,16,16
376,328,16,16
392,328,16,16
408,324,16,8
408,332,16,8
424,324,16,8
424,332,16,8
440,324,16,8
440,332,16,8
452,324,8,8
460,324,8,8
452,332,8,8
460,332,8,8
468,328,8,16
476,328,8,16
484,324,8,8
492,324,8,8
484,332,8,8
492,332,8,8
504,328,16,16
520,328,16,16
536,328,16,16
548,328,8,16
556,328,8,16
568,328,16,16
584,328,16,16
600,328,16,16
616,328,16,16
632,328,16,16
648,328,16,16
664,328,16,16
680,328,16,16
696,328,16,16
712,328,16,16
728,328,16,16
776,328,16,16
1016,328,16,16
1272,328,16,16
8,344,16,16
84,340,8,8
92,340,8,8
84,348,8,8
92,348,8,8
152,344,16,16
168,344,16,16
184,340,16,8
184,348,16,8
216,344,16,16
248,344,16,16
264,340,16,8
264,348,16,8
280,344,16,16
292,344,8,16
300,344,8,16
308,344,8,16
316,344,8,16
328,344,16,16
340,340,8,8
348,340,8,8
340,348,8,8
348,348,8,8
360,344,16,16
376,344,16,16
388,344,8,16
396,344,8,16
404,344,8,16
412,344,8,16
424,340,16,8
424,348,16,8
440,344,16,16
452,340,8,8
460,340,8,8
452,348,8,8
460,348,8,8
468,344,8,16
476,344,8,16
488,340,16,8
488,348,16,8
504,344,16,16
536,344,16,16
552,344,16,16
568,344,16,16
600,344,16,16
616,344,16,16
632,344,16,16
648,344,16,16
664,344,16,16
680,344,16,16
696,344,16,16
712,344,16,16
728,344,16,16
744,344,16,16
808,344,16,16
840,344,16,16
872,344,16,16
888,344,16,16
904,344,16,16
920,344,16,16
952,344,16,16
968,344,16,16
984,344,16,16
1048,344,16,16
1064,344,16,16
1112,344,16,16
1128,344,16,16
1144,344,16,16
1160,344,16,16
1224,344,16,16
1256,344,16,16
1272,344,16,16
8,360,16,16
24,356,16,8
24,364,16,8
36,360,8,16
44,360,8,16
56,360,16,16
72,356,16,8
72,364,16,8
84,360,8,16
92,360,8,16
104,356,16,8
104,364,16,8
136,360,16,16
152,356,16,8
152,364,16,8
168,356,16,8
168,364,16,8
184,356,16,8
184,364,16,8
200,360,16,16
216,360,16,16
232,360,16,16
248,360,16,16
260,356,8,8
268,356,8,8
260,364,8,8
268,364,8,8
280,360,16,16
296,356,16,8
296,364,16,8
312,360,16,16
328,360,16,16
344,356,16,8
344,364,16,8
360,360,16,16
376,360,16,16
392,360,16,16
408,360,16,16
424,356,16,8
424,364,16,8
440,360,16,16
452,356,8,8
460,356,8,8
452,364,8,8
460,364,8,8
468,356,8,8
476,356,8,8
468,364,8,8
476,364,8,8
488,360,16,16
504,360,16,16
520,360,16,16
536,360,16,16
552,360,16,16
600,360,16,16
616,360,16,16
632,360,16,16
648,360,16,16
664,360,16,16
680,360,16,16
696,360,16,16
712,360,16,16
728,360,16,16
808,360,16,16
824,360,16,16
856,360,16,16
872,360,16,16
888,360,16,16
904,360,16,16
920,360,16,16
936,360,16,16
952,360,16,16
968,360,16,16
984,360,16,16
1160,360,16,16
1256,360,16,16
8,372,16,8
8,380,16,8
24,376,16,16
40,376,16,16
56,376,16,16
72,376,16,16
88,376,16,16
104,376,16,16
116,376,8,16
124,376,8,16
136,372,16,8
136,380,16,8
148,372,8,8
156,372,8,8
148,380,8,8
156,380,8,8
164,372,8,8
172,372,8,8
164,380,8,8
172,380,8,8
184,376,16,16
200,372,16,8
200,380,16,8
244,372,8,8
252,372,8,8
244,380,8,8
252,380,8,8
264,372,16,8
264,380,16,8
276,376,8,16
284,376,8,16
296,376,16,16
312,376,16,16
328,376,16,16
344,376,16,16
376,376,16,16
392,376,16,16
408,376,16,16
424,372,16,8
424,380,16,8
440,376,16,16
452,372,8,8
460,372,8,8
452,380,8,8
460,380,8,8
468,376,8,16
476,376,8,16
484,376,8,16
492,376,8,16
504,376,16,16
520,376,16,16
552,376,16,16
568,376,16,16
580,372,8,8
588,372,8,8
580,380,8,8
588,380,8,8
600,376,16,16
616,376,16,16
632,376,16,16
648,376,16,16
680,376,16,16
696,376,16,16
712,376,16,16
728,376,16,16
744,376,16,16
808,376,16,16
824,376,16,16
840,376,16,16
856,376,16,16
872,376,16,16
904,376,16,16
936,376,16,16
952,376,16,16
968,376,16,16
984,376,16,16
1176,376,16,16
1208,376,16,16
1272,376,16,16
8,392,16,16
72,392,16,16
104,392,16,16
120,392,16,16
136,392,16,16
152,392,16,16
164,388,8,8
172,388,8,8
164,396,8,8
172,396,8,8
184,388,16,8
184,396,16,8
196,388,8,8
204,388,8,8
196,396,8,8
204,396,8,8
216,388,16,8
216,396,16,8
232,388,16,8
232,396,16,8
248,388,16,8
248,396,16,8
260,392,8,16
268,392,8,16
276,392,8,16
284,392,8,16
292,388,8,8
300,388,8,8
292,396,8,8
300,396,8,8
312,388,16,8
312,396,16,8
324,388,8,8
332,388,8,8
324,396,8,8
332,396,8,8
340,388,8,8
348,388,8,8
340,396,8,8
348,396,8,8
360,392,16,16
376,392,16,16
392,392,16,16
408,392,16,16
420,392,8,16
428,392,8,16
436,392,8,16
444,392,8,16
452,388,8,8
460,388,8,8
452,396,8,8
460,396,8,8
472,388,16,8
472,396,16,8
488,388,16,8
488,396,16,8
504,392,16,16
520,392,16,16
536,392,16,16
548,392,8,16
556,392,8,16
568,392,16,16
580,392,8,16
588,392,8,16
600,388,16,8
600,396,16,8
616,392,16,16
632,392,16,16
648,392,16,16
664,392,16,16
680,392,16,16
696,392,16,16
712,392,16,16
792,392,16,16
808,392,16,16
824,392,16,16
888,392,16,16
904,392,16,16
920,392,16,16
936,392,16,16
952,392,16,16
968,392,16,16
984,392,16,16
1000,392,16,16
1016,392,16,16
1032,392,16,16
1048,392,16,16
1064,392,16,16
1080,392,16,16
1192,392,16,16
1224,392,16,16
1240,392,16,16
1256,392,16,16
1272,392,16,16
8,408,16,16
24,408,16,16
40,408,16,16
56,408,16,16
72,408,16,16
88,408,16,16
104,408,16,16
120,408,16,16
136,408,16,16
152,408,16,16
168,408,16,16
184,408,16,16
200,408,16,16
216,408,16,16
232,408,16,16
244,404,8,8
252,404,8,8
244,412,8,8
252,412,8,8
260,404,8,8
268,404,8,8
260,412,8,8
268,412,8,8
276,408,8,16
284,408,8,16
292,408,8,16
300,408,8,16
312,408,16,16
324,408,8,16
332,408,8,16
344,408,16,16
360,404,16,8
360,412,16,8
376,404,16,8
376,412,16,8
392,404,16,8
392,412,16,8
408,408,16,16
424,404,16,8
424,412,16,8
440,404,16,8
440,412,16,8
452,404,8,8
460,404,8,8
452,412,8,8
460,412,8,8
472,404,16,8
472,412,16,8
484,404,8,8
492,404,8,8
484,412,8,8
492,412,8,8
504,404,16,8
504,412,16,8
516,408,8,16
524,408,8,16
532,408,8,16
540,408,8,16
552,408,16,16
568,408,16,16
580,408,8,16
588,408,8,16
596,408,8,16
604,408,8,16
616,404,16,8
616,412,16,8
632,408,16,16
648,408,16,16
664,408,16,16
680,408,16,16
696,408,16,16
712,404,16,8
712,412,16,8
724,408,8,16
732,408,8,16
744,408,16,16
760,408,16,16
776,408,16,16
792,408,16,16
804,408,8,16
812,408,8,16
824,408,16,16
888,408,16,16
920,408,16,16
936,408,16,16
952,408,16,16
984,408,16,16
1000,408,16,16
1048,408,16,16
1064,408,16,16
1128,408,16,16
1144,408,16,16
1160,408,16,16
1176,408,16,16
1192,408,16,16
1208,408,16,16
1240,408,16,16
1256,408,16,16
1272,408,16,16
8,420,16,8
8,428,16,8
40,424,16,16
56,424,16,16
88,424,16,16
120,424,16,16
136,424,16,16
148,424,8,16
156,424,8,16
164,424,8,16
172,424,8,16
184,420,16,8
184,428,16,8
200,420,16,8
200,428,16,8
216,424,16,16
228,424,8,16
236,424,8,16
248,420,16,8
248,428,16,8
264,424,16,16
280,424,16,16
296,424,16,16
312,420,16,8
312,428,16,8
328,424,16,16
344,424,16,16
360,420,16,8
360,428,16,8
376,424,16,16
392,424,16,16
408,424,16,16
424,424,16,16
440,424,16,16
472,424,16,16
488,424,16,16
536,424,16,16
552,424,16,16
568,424,16,16
584,424,16,16
600,424,16,16
616,424,16,16
632,424,16,16
648,424,16,16
664,424,16,16
680,424,16,16
696,424,16,16
712,424,16,16
728,424,16,16
744,424,16,16
760,424,16,16
824,424,16,16
840,424,16,16
888,424,16,16
904,424,16,16
936,424,16,16
952,424,16,16
968,424,16,16
1000,424,16,16
1048,424,16,16
1112,424,16,16
1128,424,16,16
1176,424,16,16
1192,424,16,16
1224,424,16,16
8,440,16,16
24,440,16,16
40,436,16,8
40,444,16,8
56,440,16,16
72,440,16,16
88,440,16,16
104,440,16,16
120,440,16,16
132,440,8,16
140,440,8,16
152,440,16,16
168,440,16,16
184,440,16,16
200,436,16,8
200,444,16,8
216,436,16,8
216,444,16,8
228,436,8,8
236,436,8,8
228,444,8,8
236,444,8,8
248,436,16,8
248,444,16,8
264,436,16,8
264,444,16,8
276,436,8,8
284,436,8,8
276,444,8,8
284,444,8,8
292,436,8,8
300,436,8,8
292,444,8,8
300,444,8,8
312,440,16,16
328,440,16,16
344,440,16,16
360,440,16,16
376,440,16,16
392,440,16,16
408,440,16,16
424,440,16,16
440,440,16,16
456,440,16,16
472,440,16,16
488,440,16,16
504,440,16,16
520,440,16,16
536,440,16,16
548,440,8,16
556,440,8,16
568,440,16,16
584,440,16,16
600,440,16,16
616,440,16,16
648,440,16,16
680,440,16,16
696,440,16,16
712,440,16,16
728,440,16,16
744,440,16,16
824,440,16,16
840,440,16,16
888,440,16,16
920,440,16,16
1032,440,16,16
1064,436,16,8
1064,444,16,8
1080,440,16,16
1096,436,16,8
1096,444,16,8
1108,440,8,16
1116,440,8,16
1128,440,16,16
1144,436,16,8
1144,444,16,8
1160,440,16,16
1172,440,8,16
1180,440,8,16
1192,440,16,16
1208,440,16,16
1224,440,16,16
1240,440,16,16
8,452,16,8
8,460,16,8
24,456,16,16
40,456,16,16
56,456,16,16
72,456,16,16
88,456,16,16
104,456,16,16
120,456,16,16
136,456,16,16
152,456,16,16
168,452,16,8
168,460,16,8
184,456,16,16
200,456,16,16
216,456,16,16
232,456,16,16
248,456,16,16
280,456,16,16
296,456,16,16
312,456,16,16
328,456,16,16
344,456,16,16
360,456,16,16
376,456,16,16
392,456,16,16
408,456,16,16
424,456,16,16
472,456,16,16
552,456,16,16
568,456,16,16
600,456,16,16
616,456,16,16
632,456,16,16
648,456,16,16
680,456,16,16
696,456,16,16
712,456,16,16
728,456,16,16
744,456,16,16
760,456,16,16
808,456,16,16
836,456,8,16
844,456,8,16
920,456,16,16
952,452,16,8
952,460,16,8
968,456,16,16
984,456,16,16
1000,456,16,16
1016,452,16,8
1016,460,16,8
1032,456,16,16
1048,456,16,16
1064,456,16,16
1080,456,16,16
1112,456,16,16
1192,456,16,16
1224,456,16,16
1240,456,16,16
8,468,16,8
8,476,16,8
24,472,16,16
40,472,16,16
56,472,16,16
72,472,16,16
88,472,16,16
104,472,16,16
136,472,16,16
184,472,16,16
216,472,16,16
232,472,16,16
248,472,16,16
296,472,16,16
312,472,16,16
328,472,16,16
344,472,16,16
360,472,16,16
376,472,16,16
392,472,16,16
408,472,16,16
424,472,16,16
440,472,16,16
456,472,16,16
472,472,16,16
488,472,16,16
504,472,16,16
520,472,16,16
536,472,16,16
552,472,16,16
568,472,16,16
584,472,16,16
600,472,16,16
616,472,16,16
664,472,16,16
680,472,16,16
712,472,16,16
728,472,16,16
744,472,16,16
760,472,16,16
776,472,16,16
808,472,16,16
824,468,16,8
824,476,16,8
840,472,16,16
856,472,16,16
868,472,8,16
876,472,8,16
888,472,16,16
904,468,16,8
904,476,16,8
936,472,16,16
952,472,16,16
968,472,16,16
1032,472,16,16
1048,472,16,16
1064,472,16,16
1112,472,16,16
1144,472,16,16
1160,472,16,16
1176,472,16,16
1192,472,16,16
1208,468,16,8
1208,476,16,8
1224,468,16,8
1224,476,16,8
1236,472,8,16
1244,472,8,16
184,488,16,16
200,488,16,16
392,488,16,16
408,488,16,16
472,488,16,16
552,488,16,16
568,488,16,16
584,488,16,16
600,488,16,16
616,488,16,16
632,488,16,16
648,488,16,16
664,488,16,16
680,488,16,16
696,488,16,16
708,488,8,16
716,488,8,16
728,488,16,16
744,488,16,16
756,488,8,16
764,488,8,16
776,488,16,16
792,488,16,16
808,488,16,16
824,488,16,16
856,488,16,16
1032,488,16,16
1044,488,8,16
1052,488,8,16
1064,488,16,16
1080,488,16,16
1096,484,16,8
1096,492,16,8
1112,488,16,16
1208,488,16,16
1224,488,16,16
1240,488,16,16
200,504,16,16
216,504,16,16
232,504,16,16
248,504,16,16
264,504,16,16
312,504,16,16
344,504,16,16
360,504,16,16
392,504,16,16
408,504,16,16
424,504,16,16
440,504,16,16
456,504,16,16
472,504,16,16
488,504,16,16
504,504,16,16
520,500,16,8
520,508,16,8
552,504,16,16
568,504,16,16
584,500,16,8
584,508,16,8
600,500,16,8
600,508,16,8
616,500,16,8
616,508,16,8
628,500,8,8
636,500,8,8
628,508,8,8
636,508,8,8
648,500,16,8
648,508,16,8
664,500,16,8
664,508,16,8
680,504,16,16
696,504,16,16
712,504,16,16
744,504,16,16
776,504,16,16
792,504,16,16
856,504,16,16
872,504,16,16
1000,504,16,16
1016,504,16,16
1032,504,16,16
1048,504,16,16
1064,504,16,16
1080,504,16,16
1112,504,16,16
1208,504,16,16
1224,504,16,16
1240,504,16,16
8,520,16,16
216,520,16,16
232,520,16,16
248,520,16,16
264,520,16,16
296,520,16,16
360,520,16,16
392,520,16,16
408,520,16,16
424,520,16,16
440,520,16,16
456,516,16,8
456,524,16,8
472,520,16,16
484,520,8,16
492,520,8,16
504,520,16,16
520,520,16,16
532,516,8,8
540,516,8,8
532,524,8,8
540,524,8,8
552,516,16,8
552,524,16,8
568,516,16,8
568,524,16,8
584,520,16,16
600,520,16,16
616,520,16,16
632,520,16,16
648,520,16,16
664,520,16,16
696,520,16,16
712,520,16,16
728,520,16,16
744,520,16,16
792,520,16,16
808,520,16,16
1032,520,16,16
1208,520,16,16
1224,520,16,16
1240,520,16,16
8,536,16,16
344,536,16,16
360,536,16,16
372,536,8,16
380,536,8,16
392,532,16,8
392,540,16,8
408,536,16,16
420,536,8,16
428,536,8,16
440,536,16,16
456,536,16,16
472,536,16,16
488,536,16,16
504,536,16,16
520,536,16,16
536,536,16,16
548,536,8,16
556,536,8,16
568,532,16,8
568,540,16,8
584,536,16,16
600,536,16,16
616,536,16,16
632,536,16,16
648,536,16,16
664,536,16,16
680,536,16,16
696,536,16,16
712,536,16,16
744,536,16,16
760,536,16,16
792,536,16,16
996,536,8,16
1004,536,8,16
1140,536,8,16
1148,536,8,16
1160,532,16,8
1160,540,16,8
1172,532,8,8
1180,532,8,8
1172,540,8,8
1180,540,8,8
1192,536,16,16
1208,536,16,16
1224,536,16,16
1240,536,16,16
8,552,16,16
56,552,16,16
72,552,16,16
88,552,16,16
104,552,16,16
120,552,16,16
232,548,16,8
232,556,16,8
248,552,16,16
264,552,16,16
280,552,16,16
292,552,8,16
300,552,8,16
312,548,16,8
312,556,16,8
328,552,16,16
344,552,16,16
360,552,16,16
408,552,16,16
424,552,16,16
440,552,16,16
456,552,16,16
472,552,16,16
488,552,16,16
504,552,16,16
520,552,16,16
536,552,16,16
552,552,16,16
568,552,16,16
584,552,16,16
600,552,16,16
616,552,16,16
632,552,16,16
648,552,16,16
696,552,16,16
712,552,16,16
808,552,16,16
824,552,16,16
888,552,16,16
904,552,16,16
1000,552,16,16
1032,552,16,16
1124,552,8,16
1132,552,8,16
1144,552,16,16
1160,552,16,16
1176,552,16,16
1224,552,16,16
1240,548,16,8
1240,556,16,8
40,568,16,16
56,568,16,16
104,568,16,16
120,568,16,16
136,568,16,16
152,568,16,16
168,568,16,16
184,564,16,8
184,572,16,8
200,568,16,16
216,568,16,16
232,568,16,16
248,568,16,16
264,568,16,16
280,568,16,16
296,568,16,16
344,568,16,16
356,568,8,16
364,568,8,16
376,568,16,16
392,568,16,16
408,568,16,16
440,568,16,16
456,568,16,16
472,568,16,16
488,568,16,16
504,568,16,16
520,568,16,16
536,568,16,16
552,568,16,16
568,568,16,16
584,568,16,16
616,568,16,16
632,568,16,16
648,568,16,16
664,568,16,16
696,568,16,16
712,568,16,16
904,568,16,16
1096,568,16,16
1128,568,16,16
1144,568,16,16
1160,568,16,16
1176,564,16,8
1176,572,16,8
1192,568,16,16
1208,568,16,16
1224,568,16,16
1240,568,16,16
8,584,16,16
24,584,16,16
40,584,16,16
52,584,8,16
60,584,8,16
72,584,16,16
88,580,16,8
88,588,16,8
104,584,16,16
120,584,16,16
136,584,16,16
216,584,16,16
232,584,16,16
264,584,16,16
280,584,16,16
312,584,16,16
328,584,16,16
360,584,16,16
376,584,16,16
408,584,16,16
424,584,16,16
440,584,16,16
456,584,16,16
472,584,16,16
488,584,16,16
504,584,16,16
536,584,16,16
552,584,16,16
568,584,16,16
584,584,16,16
600,584,16,16
616,584,16,16
632,584,16,16
648,584,16,16
664,584,16,16
696,584,16,16
712,584,16,16
744,584,16,16
840,584,16,16
904,584,16,16
920,584,16,16
1032,584,16,16
1128,584,16,16
1144,584,16,16
1160,584,16,16
1172,580,8,8
1180,580,8,8
1172,588,8,8
1180,588,8,8
1208,584,16,16
1240,584,16,16
8,600,16,16
40,600,16,16
56,600,16,16
216,600,16,16
232,600,16,16
248,600,16,16
264,600,16,16
296,600,16,16
312,600,16,16
360,600,16,16
376,600,16,16
392,600,16,16
408,600,16,16
424,600,16,16
440,600,16,16
456,600,16,16
472,600,16,16
488,600,16,16
504,600,16,16
520,600,16,16
536,600,16,16
552,600,16,16
568,600,16,16
584,600,16,16
600,600,16,16
616,596,16,8
616,604,16,8
632,596,16,8
632,604,16,8
648,600,16,16
664,600,16,16
680,600,16,16
696,600,16,16
712,600,16,16
744,600,16,16
840,600,16,16
904,600,16,16
1000,600,16,16
1048,600,16,16
1060,600,8,16
1068,600,8,16
1128,600,16,16
1144,600,16,16
1160,600,16,16
1176,596,16,8
1176,604,16,8
1192,600,16,16
1208,596,16,8
1208,604,16,8
1224,600,16,16
1240,600,16,16
24,616,16,16
40,616,16,16
56,616,16,16
72,616,16,16
88,616,16,16
104,616,16,16
120,616,16,16
136,616,16,16
152,616,16,16
168,616,16,16
184,616,16,16
216,616,16,16
232,616,16,16
248,616,16,16
264,616,16,16
280,616,16,16
296,616,16,16
312,616,16,16
328,616,16,16
344,616,16,16
360,616,16,16
376,616,16,16
392,616,16,16
408,616,16,16
424,616,16,16
440,616,16,16
456,616,16,16
472,616,16,16
488,616,16,16
504,612,16,8
504,620,16,8
520,616,16,16
536,616,16,16
552,616,16,16
584,616,16,16
600,616,16,16
616,616,16,16
632,616,16,16
648,616,16,16
664,616,16,16
696,616,16,16
712,616,16,16
728,616,16,16
744,616,16,16
760,616,16,16
920,616,16,16
1016,616,16,16
1048,616,16,16
1064,616,16,16
1080,616,16,16
1096,616,16,16
1160,612,16,8
1160,620,16,8
1172,612,8,8
1180,612,8,8
1172,620,8,8
1180,620,8,8
1192,616,16,16
1208,616,16,16
1224,616,16,16
1240,616,16,16
8,632,16,16
24,632,16,16
40,632,16,16
88,632,16,16
104,632,16,16
120,632,16,16
136,632,16,16
152,632,16,16
168,632,16,16
184,632,16,16
200,632,16,16
216,632,16,16
248,632,16,16
264,632,16,16
280,632,16,16
296,632,16,16
312,632,16,16
328,632,16,16
344,632,16,16
360,632,16,16
376,632,16,16
408,632,16,16
424,632,16,16
440,632,16,16
456,632,16,16
472,632,16,16
488,632,16,16
504,632,16,16
536,632,16,16
552,632,16,16
568,632,16,16
584,632,16,16
600,632,16,16
616,632,16,16
632,632,16,16
648,632,16,16
664,632,16,16
680,632,16,16
696,632,16,16
712,632,16,16
728,632,16,16
744,632,16,16
760,632,16,16
840,632,16,16
872,632,16,16
888,632,16,16
1048,632,16,16
1064,632,16,16
1080,632,16,16
1172,632,8,16
1180,632,8,16
1192,632,16,16
1208,628,16,8
1208,636,16,8
1224,628,16,8
1224,636,16,8
1240,628,16,8
1240,636,16,8
1252,628,8,8
1260,628,8,8
1252,636,8,8
1260,636,8,8
1272,632,16,16
8,648,16,16
40,648,16,16
56,648,16,16
72,648,16,16
88,648,16,16
104,648,16,16
136,648,16,16
152,648,16,16
200,648,16,16
216,648,16,16
232,648,16,16
248,648,16,16
264,648,16,16
312,648,16,16
328,648,16,16
344,648,16,16
360,648,16,16
376,648,16,16
392,648,16,16
424,648,16,16
440,648,16,16
456,648,16,16
472,648,16,16
488,648,16,16
504,648,16,16
520,648,16,16
536,648,16,16
552,648,16,16
568,648,16,16
584,648,16,16
600,648,16,16
616,648,16,16
632,648,16,16
648,648,16,16
664,648,16,16
680,648,16,16
696,648,16,16
1000,648,16,16
1016,648,16,16
1064,648,16,16
1080,648,16,16
1096,648,16,16
1160,648,16,16
1172,648,8,16
1180,648,8,16
1192,648,16,16
1208,648,16,16
1220,648,8,16
1228,648,8,16
1240,644,16,8
1240,652,16,8
1256,644,16,8
1256,652,16,8
8,664,16,16
24,664,16,16
40,664,16,16
56,664,16,16
72,664,16,16
88,664,16,16
120,664,16,16
136,664,16,16
152,664,16,16
168,664,16,16
184,664,16,16
200,664,16,16
216,664,16,16
232,664,16,16
296,664,16,16
312,664,16,16
328,664,16,16
344,664,16,16
360,664,16,16
376,664,16,16
392,664,16,16
408,664,16,16
424,664,16,16
440,664,16,16
472,664,16,16
488,664,16,16
504,664,16,16
520,664,16,16
536,664,16,16
552,664,16,16
600,664,16,16
616,664,16,16
664,664,16,16
696,660,16,8
696,668,16,8
712,664,16,16
728,664,16,16
744,664,16,16
872,664,16,16
920,664,16,16
1048,664,16,16
1060,664,8,16
1068,664,8,16
1080,664,16,16
1096,664,16,16
1192,664,16,16
1208,664,16,16
1224,664,16,16
1240,664,16,16
8,680,16,16
40,680,16,16
56,680,16,16
72,680,16,16
88,680,16,16
104,680,16,16
120,680,16,16
136,680,16,16
152,680,16,16
168,680,16,16
184,680,16,16
200,680,16,16
216,680,16,16
232,680,16,16
248,680,16,16
264,680,16,16
280,680,16,16
296,680,16,16
312,680,16,16
328,680,16,16
344,680,16,16
360,680,16,16
376,680,16,16
408,680,16,16
424,680,16,16
440,680,16,16
456,680,16,16
472,680,16,16
488,680,16,16
504,680,16,16
520,680,16,16
536,680,16,16
552,680,16,16
600,680,16,16
616,680,16,16
632,680,16,16
664,680,16,16
696,680,16,16
712,680,16,16
728,680,16,16
1160,680,16,16
1176,680,16,16
8,696,16,16
24,696,16,16
40,696,16,16
56,696,16,16
72,696,16,16
88,696,16,16
104,696,16,16
120,696,16,16
136,696,16,16
152,696,16,16
168,696,16,16
184,696,16,16
200,696,16,16
216,696,16,16
232,696,16,16
248,696,16,16
264,696,16,16
280,696,16,16
296,696,16,16
312,696,16,16
328,696,16,16
344,696,16,16
360,696,16,16
376,696,16,16
392,696,16,16
408,696,16,16
424,696,16,16
440,696,16,16
456,696,16,16
472,696,16,16
504,696,16,16
520,696,16,16
536,696,16,16
552,696,16,16
584,696,16,16
616,696,16,16
632,696,16,16
648,696,16,16
664,692,16,8
664,700,16,8
728,696,16,16
776,696,16,16
792,692,16,8
792,700,16,8
856,696,16,16
8,712,16,16
24,712,16,16
40,712,16,16
56,712,16,16
72,712,16,16
88,712,16,16
104,712,16,16
120,712,16,16
136,712,16,16
168,712,16,16
184,712,16,16
200,712,16,16
216,712,16,16
232,712,16,16
248,712,16,16
264,712,16,16
280,712,16,16
312,712,16,16
328,712,16,16
344,712,16,16
360,712,16,16
372,712,8,16
380,712,8,16
408,712,16,16
424,712,16,16
440,712,16,16
456,712,16,16
472,712,16,16
488,712,16,16
504,712,16,16
520,712,16,16
536,712,16,16
552,712,16,16
568,708,16,8
568,716,16,8
584,712,16,16
616,712,16,16
712,712,16,16
728,712,16,16
872,712,16,16
936,712,16,16
968,712,16,16
1048,712,16,16
1064,712,16,16
1080,712,16,16
1096,712,16,16
1112,712,16,16
1160,712,16,16
1176,712,16,16
1192,712,16,16
24,728,16,16
40,728,16,16
88,728,16,16
104,728,16,16
120,728,16,16
152,728,16,16
168,728,16,16
184,728,16,16
200,728,16,16
216,728,16,16
232,728,16,16
248,728,16,16
264,728,16,16
280,728,16,16
296,728,16,16
312,728,16,16
328,728,16,16
344,728,16,16
360,728,16,16
392,728,16,16
408,728,16,16
424,728,16,16
440,728,16,16
456,728,16,16
472,728,16,16
488,728,16,16
504,728,16,16
520,728,16,16
536,728,16,16
552,728,16,16
568,728,16,16
584,728,16,16
616,728,16,16
632,728,16,16
648,728,16,16
904,728,16,16
920,728,16,16
936,728,16,16
952,728,16,16
1032,728,16,16
1080,728,16,16
1096,728,16,16
1112,728,16,16
1192,728,16,16
1208,728,16,16
1224,728,16,16
1240,728,16,16
1256,728,16,16
1272,728,16,16
88,744,16,16
328,744,16,16
360,744,16,16
376,744,16,16
408,740,16,8
408,748,16,8
424,744,16,16
440,740,16,8
440,748,16,8
456,744,16,16
472,744,16,16
488,744,16,16
504,744,16,16
520,744,16,16
536,744,16,16
552,744,16,16
568,744,16,16
584,744,16,16
600,744,16,16
648,744,16,16
664,744,16,16
680,744,16,16
696,744,16,16
712,744,16,16
744,744,16,16
760,744,16,16
776,744,16,16
792,744,16,16
1016,744,16,16
1064,744,16,16
1096,744,16,16
1112,744,16,16
24,760,16,16
56,760,16,16
72,760,16,16
184,760,16,16
376,760,16,16
392,756,16,8
392,764,16,8
420,756,8,8
428,756,8,8
420,764,8,8
428,764,8,8
440,760,16,16
456,760,16,16
472,760,16,16
488,760,16,16
504,760,16,16
520,760,16,16
536,760,16,16
552,760,16,16
568,760,16,16
600,760,16,16
616,760,16,16
632,760,16,16
648,760,16,16
664,760,16,16
680,760,16,16
696,760,16,16
744,760,16,16
760,760,16,16
776,760,16,16
840,760,16,16
1016,760,16,16
1032,760,16,16
1048,760,16,16
1064,760,16,16
1080,760,16,16
1096,760,16,16
1144,760,16,16
1240,760,16,16
1256,760,16,16
8,776,16,16
24,776,16,16
56,776,16,16
72,776,16,16
88,776,16,16
152,776,16,16
248,776,16,16
264,776,16,16
312,776,16,16
328,776,16,16
344,776,16,16
360,776,16,16
376,776,16,16
392,776,16,16
408,776,16,16
424,776,16,16
440,776,16,16
456,776,16,16
472,776,16,16
488,776,16,16
504,776,16,16
520,776,16,16
568,776,16,16
600,776,16,16
680,776,16,16
696,776,16,16
712,776,16,16
728,776,16,16
744,776,16,16
760,776,16,16
776,776,16,16
792,776,16,16
904,776,16,16
968,776,16,16
984,776,16,16
1000,776,16,16
1016,776,16,16
1032,776,16,16
1048,772,16,8
1048,780,16,8
1064,776,16,16
1096,776,16,16
1224,776,16,16
56,792,16,16
184,792,16,16
360,792,16,16
376,792,16,16
392,792,16,16
408,792,16,16
424,792,16,16
440,792,16,16
456,792,16,16
472,792,16,16
488,792,16,16
504,792,16,16
520,792,16,16
536,792,16,16
552,792,16,16
568,792,16,16
584,792,16,16
600,792,16,16
616,792,16,16
632,792,16,16
648,792,16,16
664,792,16,16
680,792,16,16
696,792,16,16
712,792,16,16
728,792,16,16
744,792,16,16
760,792,16,16
792,792,16,16
856,792,16,16
872,792,16,16
968,792,16,16
984,792,16,16
1000,792,16,16
1016,792,16,16
1032,792,16,16
1076,792,8,16
1084,792,8,16
1096,792,16,16
72,804,16,8
72,812,16,8
104,808,16,16
120,808,16,16
248,808,16,16
264,808,16,16
280,808,16,16
296,808,16,16
312,808,16,16
328,808,16,16
344,808,16,16
360,808,16,16
376,808,16,16
392,808,16,16
408,808,16,16
424,808,16,16
440,808,16,16
456,808,16,16
472,808,16,16
488,804,16,8
488,812,16,8
504,808,16,16
552,808,16,16
568,808,16,16
584,808,16,16
600,804,16,8
600,812,16,8
616,808,16,16
632,808,16,16
648,808,16,16
664,808,16,16
680,808,16,16
696,808,16,16
712,808,16,16
776,808,16,16
792,808,16,16
808,808,16,16
856,808,16,16
936,808,16,16
952,808,16,16
968,808,16,16
984,808,16,16
1000,808,16,16
1016,808,16,16
1032,808,16,16
1048,808,16,16
1064,804,16,8
1064,812,16,8
1080,808,16,16
1144,808,16,16
8,824,16,16
104,824,16,16
184,824,16,16
200,820,16,8
200,828,16,8
216,824,16,16
232,824,16,16
248,824,16,16
264,824,16,16
296,824,16,16
312,824,16,16
328,824,16,16
344,824,16,16
360,820,16,8
360,828,16,8
376,824,16,16
392,824,16,16
408,824,16,16
424,824,16,16
440,824,16,16
456,824,16,16
472,824,16,16
488,824,16,16
536,824,16,16
552,824,16,16
568,824,16,16
584,824,16,16
600,824,16,16
616,824,16,16
632,824,16,16
648,824,16,16
664,824,16,16
680,824,16,16
712,824,16,16
728,824,16,16
936,824,16,16
984,824,16,16
1000,824,16,16
1016,824,16,16
1064,824,16,16
1080,824,16,16
1176,824,16,16
1192,824,16,16
1208,824,16,16
1220,824,8,16
1228,824,8,16
24,840,16,16
136,840,16,16
152,840,16,16
168,840,16,16
216,840,16,16
232,840,16,16
248,840,16,16
264,840,16,16
280,840,16,16
296,840,16,16
312,840,16,16
328,840,16,16
344,840,16,16
360,840,16,16
376,840,16,16
392,840,16,16
404,840,8,16
412,840,8,16
424,840,16,16
440,840,16,16
456,840,16,16
472,840,16,16
488,840,16,16
504,840,16,16
520,840,16,16
536,840,16,16
552,840,16,16
568,840,16,16
600,840,16,16
616,840,16,16
632,840,16,16
648,840,16,16
664,840,16,16
680,840,16,16
692,840,8,16
700,840,8,16
712,840,16,16
728,840,16,16
744,840,16,16
760,840,16,16
808,840,16,16
824,836,16,8
824,844,16,8
872,840,16,16
888,840,16,16
904,840,16,16
936,840,16,16
952,840,16,16
1000,840,16,16
1016,840,16,16
1032,840,16,16
1064,836,16,8
1064,844,16,8
1080,840,16,16
1096,840,16,16
1192,840,16,16
8,856,16,16
40,856,16,16
56,856,16,16
72,856,16,16
88,856,16,16
104,856,16,16
120,852,16,8
120,860,16,8
136,856,16,16
152,856,16,16
168,856,16,16
184,856,16,16
200,856,16,16
216,856,16,16
232,856,16,16
248,856,16,16
264,856,16,16
280,856,16,16
296,856,16,16
312,856,16,16
328,856,16,16
344,856,16,16
360,856,16,16
376,856,16,16
392,856,16,16
408,856,16,16
424,856,16,16
440,856,16,16
488,856,16,16
504,856,16,16
520,856,16,16
536,856,16,16
552,856,16,16
568,856,16,16
584,852,16,8
584,860,16,8
600,856,16,16
612,856,8,16
620,856,8,16
632,852,16,8
632,860,16,8
648,856,16,16
664,856,16,16
676,856,8,16
684,856,8,16
692,856,8,16
700,856,8,16
708,856,8,16
716,856,8,16
728,856,16,16
744,856,16,16
756,856,8,16
764,856,8,16
776,856,16,16
792,856,16,16
808,856,16,16
856,856,16,16
920,856,16,16
968,856,16,16
1032,856,16,16
1048,856,16,16
1064,856,16,16
1080,856,16,16
1112,856,16,16
1176,856,16,16
104,872,16,16
136,872,16,16
152,872,16,16
168,872,16,16
184,872,16,16
200,872,16,16
216,872,16,16
232,872,16,16
248,872,16,16
264,872,16,16
296,872,16,16
312,872,16,16
328,872,16,16
344,872,16,16
360,872,16,16
376,872,16,16
388,872,8,16
396,872,8,16
408,872,16,16
440,872,16,16
456,872,16,16
472,872,16,16
488,872,16,16
504,872,16,16
520,872,16,16
532,872,8,16
540,872,8,16
552,868,16,8
552,876,16,8
568,872,16,16
580,872,8,16
588,872,8,16
596,872,8,16
604,872,8,16
616,872,16,16
632,872,16,16
648,868,16,8
648,876,16,8
660,872,8,16
668,872,8,16
680,872,16,16
696,872,16,16
712,868,16,8
712,876,16,8
728,868,16,8
728,876,16,8
740,872,8,16
748,872,8,16
760,872,16,16
776,872,16,16
792,872,16,16
840,872,16,16
1000,868,16,8
1000,876,16,8
1112,872,16,16
1128,872,16,16
8,888,16,16
24,888,16,16
40,888,16,16
56,888,16,16
88,888,16,16
120,888,16,16
136,888,16,16
152,888,16,16
168,888,16,16
184,888,16,16
200,888,16,16
216,888,16,16
232,888,16,16
248,888,16,16
264,888,16,16
280,888,16,16
296,888,16,16
312,888,16,16
328,888,16,16
344,888,16,16
360,888,16,16
376,888,16,16
388,884,8,8
396,884,8,8
388,892,8,8
396,892,8,8
408,888,16,16
424,888,16,16
440,888,16,16
456,888,16,16
472,888,16,16
488,888,16,16
504,888,16,16
516,888,8,16
524,888,8,16
536,888,16,16
552,888,16,16
568,888,16,16
584,888,16,16
600,888,16,16
616,888,16,16
632,884,16,8
632,892,16,8
648,888,16,16
664,884,16,8
664,892,16,8
680,888,16,16
696,888,16,16
708,888,8,16
716,888,8,16
728,884,16,8
728,892,16,8
744,888,16,16
760,884,16,8
760,892,16,8
840,888,16,16
856,888,16,16
984,888,16,16
1016,888,16,16
1032,888,16,16
1048,888,16,16
1080,888,16,16
1112,888,16,16
1128,888,16,16
1144,888,16,16
1160,888,16,16
1208,888,16,16
8,904,16,16
24,904,16,16
40,904,16,16
56,904,16,16
72,904,16,16
88,904,16,16
104,904,16,16
120,904,16,16
136,904,16,16
152,904,16,16
168,904,16,16
184,904,16,16
200,904,16,16
216,904,16,16
232,904,16,16
248,904,16,16
264,904,16,16
280,904,16,16
296,904,16,16
312,900,16,8
312,908,16,8
328,904,16,16
344,900,16,8
344,908,16,8
360,904,16,16
376,904,16,16
392,904,16,16
408,904,16,16
440,904,16,16
456,904,16,16
472,904,16,16
488,904,16,16
504,904,16,16
520,904,16,16
536,904,16,16
552,904,16,16
568,904,16,16
584,900,16,8
584,908,16,8
600,904,16,16
616,904,16,16
632,904,16,16
648,904,16,16
664,900,16,8
664,908,16,8
680,904,16,16
712,904,16,16
744,904,16,16
760,904,16,16
776,904,16,16
792,904,16,16
808,900,16,8
808,908,16,8
968,904,16,16
1112,904,16,16
1144,904,16,16
1160,904,16,16
24,920,16,16
40,920,16,16
56,920,16,16
72,920,16,16
104,920,16,16
120,920,16,16
136,920,16,16
152,920,16,16
168,920,16,16
184,920,16,16
200,916,16,8
200,924,16,8
216,920,16,16
232,920,16,16
248,920,16,16
264,920,16,16
280,920,16,16
296,920,16,16
312,920,16,16
328,916,16,8
328,924,16,8
344,920,16,16
360,920,16,16
376,920,16,16
392,920,16,16
408,920,16,16
424,920,16,16
440,920,16,16
488,920,16,16
504,920,16,16
520,920,16,16
536,920,16,16
552,920,16,16
568,920,16,16
580,920,8,16
588,920,8,16
600,920,16,16
616,920,16,16
632,920,16,16
648,920,16,16
664,920,16,16
676,920,8,16
684,920,8,16
692,920,8,16
700,920,8,16
712,916,16,8
712,924,16,8
728,916,16,8
728,924,16,8
744,920,16,16
756,920,8,16
764,920,8,16
776,920,16,16
788,920,8,16
796,920,8,16
804,920,8,16
812,920,8,16
872,920,16,16
1016,920,16,16
1032,920,16,16
1112,920,16,16
1128,920,16,16
104,936,16,16
184,936,16,16
200,936,16,16
216,936,16,16
232,936,16,16
248,936,16,16
264,936,16,16
280,936,16,16
296,936,16,16
312,936,16,16
328,936,16,16
344,936,16,16
360,936,16,16
376,936,16,16
392,936,16,16
408,936,16,16
424,936,16,16
440,936,16,16
456,936,16,16
472,932,16,8
472,940,16,8
488,936,16,16
504,936,16,16
516,936,8,16
524,936,8,16
536,936,16,16
548,936,8,16
556,936,8,16
568,936,16,16
584,932,16,8
584,940,16,8
600,936,16,16
616,936,16,16
628,936,8,16
636,936,8,16
648,936,16,16
660,936,8,16
668,936,8,16
680,936,16,16
696,936,16,16
712,936,16,16
728,936,16,16
744,936,16,16
760,936,16,16
776,936,16,16
788,936,8,16
796,936,8,16
804,936,8,16
812,936,8,16
824,936,16,16
1016,936,16,16
1128,936,16,16
1256,936,16,16
8,952,16,16
216,952,16,16
232,952,16,16
248,952,16,16
280,952,16,16
296,952,16,16
312,952,16,16
328,948,16,8
328,956,16,8
344,952,16,16
360,948,16,8
360,956,16,8
376,952,16,16
388,948,8,8
396,948,8,8
388,956,8,8
396,956,8,8
408,952,16,16
424,948,16,8
424,956,16,8
440,948,16,8
440,956,16,8
520,948,16,8
520,956,16,8
532,952,8,16
540,952,8,16
968,952,16,16
1016,952,16,16
1192,952,16,16
