i=0, rot=0.1
positive solutions (solution, occurrences): [(0.1, 1676), (0.2, 1351), (0.3, 414), (0.4, 245), (0.5, 83), (0.6, 70), (0.8, 64), (0.7, 61)]
negative solutions (solution, occurrences): [(-0.2, 162), (-0.3, 141), (-0.4, 66), (-0.1, 45), (-0.8, 37), (-0.5, 33), (-0.9, 24), (-0.7, 24)]
i=2, rot=0.2
positive solutions (solution, occurrences): [(0.2, 1905), (0.3, 714), (0.4, 597), (0.1, 421), (0.5, 378), (0.6, 311), (0.7, 138), (1.00000000000000, 94)]
negative solutions (solution, occurrences): [(-0.2, 121), (-0.3, 73), (-0.5, 49), (-0.6, 36), (-1.2, 29), (-2.00000000000000, 29), (-0.4, 29), (-0.e-1, 25)]
i=4, rot=0.30000000000000004
positive solutions (solution, occurrences): [(0.3, 1477), (0.4, 874), (0.2, 699), (0.5, 447), (0.6, 397), (0.7, 249), (0.8, 205), (0.1, 131)]
negative solutions (solution, occurrences): [(-0.2, 83), (-0.4, 63), (-0.3, 43), (-0.1, 32), (-0.6, 31), (-0.5, 29), (-2.00000000000000, 25), (-1.8, 21)]
i=6, rot=0.4
positive solutions (solution, occurrences): [(0.4, 1487), (0.5, 768), (0.3, 666), (0.6, 496), (0.2, 294), (0.7, 265), (0.8, 228), (0.9, 167)]
negative solutions (solution, occurrences): [(-0.3, 60), (-0.4, 57), (-0.2, 53), (-0.7, 35), (-0.1, 26), (-0.6, 23), (-2.00000000000000, 21), (-1.6, 21)]
i=8, rot=0.5
positive solutions (solution, occurrences): [(0.5, 1321), (0.6, 856), (0.4, 742), (0.7, 424), (0.8, 345), (0.3, 274), (1.00000000000000, 188), (0.2, 181)]
negative solutions (solution, occurrences): [(-0.4, 42), (-0.2, 32), (-1.2, 27), (-1.00000000000000, 25), (-1.8, 24), (-0.3, 23), (-0.5, 20), (-1.6, 19)]
